7751607 2 486
45 3
5 9
342 471 16
265 214 32
427 488 36
440 250 9
153 224 24
97 433 20
259 236 41
334 101 45
283 198 20
265 457 29
420 44 26
178 55 28
402 483 47
242 422 32
66 74 9
331 418 45
401 176 34
376 257 39
396 286 7
107 50 34
126 471 43
114 148 12
61 296 31
496 37 28
171 350 12
70 427 19
147 328 31
459 203 38
370 346 32
225 453 27
282 325 9
382 439 47
36 247 21
418 489 19
474 160 1
348 230 38
386 123 3
353 81 38
321 197 34
74 169 14
378 451 8
396 79 41
61 362 42
268 279 9
257 499 24
95 347 42
106 232 13
443 331 20
482 399 49
111 219 9
440 96 35
345 239 20
180 300 26
262 314 37
331 70 30
58 413 17
261 18 16
85 207 11
490 436 38
336 46 32
351 486 21
315 76 12
350 3 4
245 265 17
418 342 21
335 400 21
344 160 2
84 245 19
401 481 10
361 316 10
38 166 34
58 227 39
316 76 17
372 67 13
487 486 35
171 66 6
266 411 21
125 495 42
190 141 38
436 248 12
226 286 21
495 91 3
339 407 25
431 25 16
287 258 11
229 429 45
70 442 31
69 66 36
306 2 24
274 438 30
50 410 40
493 151 23
153 490 44
389 420 7
191 453 28
224 182 30
323 252 33
330 67 40
77 373 17
464 394 27
344 444 30
8 182 8
9 335 2
162 224 26
340 161 50
20 386 5
375 208 47
424 284 2
29 361 9
137 71 10
180 415 12
125 169 43
474 425 49
303 333 10
51 172 39
251 439 47
378 60 31
1 484 19
191 259 2
500 396 50
200 76 47
90 448 32
161 168 29
312 471 31
186 21 46
467 18 5
385 396 37
2 143 26
156 81 12
417 327 12
494 274 6
484 364 25
134 271 23
208 329 3
114 14 46
438 481 47
445 111 12
265 113 41
59 16 33
112 179 50
60 173 50
329 403 47
44 37 33
427 245 6
25 105 29
144 42 38
280 488 31
57 499 40
478 57 33
223 417 13
295 477 30
393 305 28
346 350 43
68 22 1
366 47 31
176 191 32
212 472 11
105 275 3
358 252 37
124 222 27
69 16 32
186 156 14
452 1 44
252 317 46
43 429 22
440 104 19
123 62 33
293 415 27
206 272 42
422 396 12
300 466 38
152 398 20
309 349 6
307 101 29
327 144 44
139 330 31
141 453 26
361 492 12
354 444 31
344 112 13
55 412 27
28 63 50
410 119 10
37 172 3
475 499 27
91 137 11
58 279 42
333 386 28
20 239 23
479 329 18
77 130 38
141 158 16
348 67 16
155 352 35
56 326 17
100 163 35
219 468 4
290 300 13
98 320 32
95 298 8
450 376 50
214 263 45
287 110 16
225 11 17
334 67 27
440 167 39
429 133 37
442 423 46
339 267 27
220 108 12
430 57 15
14 17 12
256 51 4
64 276 3
216 356 10
192 295 5
77 471 47
429 412 29
78 498 28
294 217 20
307 393 22
440 153 21
81 410 32
84 474 24
98 437 31
426 128 20
419 452 28
290 380 4
82 205 15
388 245 44
47 298 47
263 485 25
241 65 23
270 149 8
65 495 47
470 420 18
414 84 8
327 120 9
397 202 15
464 337 2
246 384 37
413 393 29
486 133 42
213 149 31
414 215 47
295 431 3
304 90 1
10 163 41
95 59 2
377 22 12
402 14 39
224 428 8
29 159 39
145 373 13
410 286 6
166 80 49
88 131 11
339 141 21
209 483 34
26 359 16
179 6 8
461 231 12
133 6 50
438 399 45
137 308 7
297 220 32
386 54 38
310 140 36
149 349 32
40 375 44
453 300 24
124 260 9
223 139 25
226 76 20
100 461 18
259 257 22
490 143 29
104 453 47
104 349 12
333 135 31
418 87 15
8 458 50
322 427 49
141 152 1
357 499 19
126 257 6
114 247 15
402 97 6
329 448 50
349 280 31
490 198 14
428 453 12
372 275 34
453 162 31
109 18 49
472 144 44
337 4 49
343 407 1
294 482 38
92 330 42
24 65 4
289 494 3
10 111 44
157 63 4
201 420 4
490 137 11
34 474 50
70 63 47
450 103 2
275 196 29
379 220 7
427 256 4
426 266 19
445 169 5
371 116 9
314 106 3
147 387 42
485 457 41
473 406 5
442 180 34
486 306 10
347 232 45
194 157 3
150 348 15
169 465 15
353 278 50
420 172 13
459 403 3
306 121 23
1 62 12
146 47 10
256 141 25
367 81 5
242 231 49
31 147 8
436 246 37
192 412 49
333 370 41
176 422 16
171 424 20
91 69 39
69 71 28
271 438 41
382 426 50
332 457 10
499 392 29
188 330 12
42 163 2
297 85 35
172 256 21
356 347 41
85 162 4
201 433 8
143 60 3
315 392 5
380 136 31
436 71 27
155 113 9
237 410 29
240 329 12
164 184 21
404 15 15
459 463 20
451 105 38
112 420 23
230 299 30
485 234 45
321 136 20
313 119 46
389 359 37
219 23 17
389 173 22
220 131 31
229 328 34
43 187 32
496 163 34
83 147 18
487 214 49
249 26 28
166 415 40
164 381 9
338 269 23
279 235 40
428 464 16
180 254 5
351 249 15
313 78 28
8 312 19
84 307 47
279 473 46
78 383 26
145 220 5
385 245 5
254 419 37
443 98 48
71 195 8
107 8 45
290 263 11
432 347 23
98 373 28
179 451 14
386 342 49
107 226 2
62 480 7
226 423 49
390 240 10
301 93 20
35 129 3
81 60 1
178 159 46
0 84 29
450 217 9
118 324 11
276 132 22
352 104 12
23 494 36
136 294 8
2 330 9
130 157 5
351 335 48
442 81 31
229 278 30
357 396 2
209 418 1
287 269 13
286 39 41
16 175 38
93 425 2
44 301 43
54 151 38
470 93 11
221 68 31
435 425 46
471 133 10
130 421 26
146 453 48
148 470 35
444 309 7
313 99 14
339 153 12
191 369 45
377 89 44
86 23 19
436 240 32
449 370 3
484 263 47
302 411 50
41 354 20
451 414 15
160 252 43
19 189 3
464 312 25
475 398 40
162 80 47
228 28 2
461 258 16
144 307 27
42 94 28
248 45 17
51 205 39
500 471 31
69 434 7
475 408 45
148 316 47
307 290 20
335 497 43
117 140 12
310 182 15
355 176 9
58 227 11
259 227 30
147 42 14
346 16 6
188 411 26
356 218 6
51 299 47
497 163 1
0 473 15
97 73 10
486 378 50
323 136 29
384 29 49
369 121 35
7 56 26
460 412 21
448 209 21
